1	2	3	4	5	6	7	8	9	10	11	Exam Grade
5	3	7,5	7	5	5	5	11	15	7,5	15	96
5	5	7,5	7,5	5	5	5	12,5	11	7,5	15	96
5	5	7,5	7,5	4	5	3	12,5	15	7,5	13	95
5	4	5	7	5	5	5	12,5	14	7,5	15	95
5	5	5	7,5	2	5	5	11	13	7	15	90,5
5	5	7,5	5,5	5	5	3	9,5	12,5	7,5	11,5	87
2	5	7,5	7,5	4	3	5	12	8	7,5	15	86,5
5	5	7,5	7,5	5	5	2,5	12,5	7	6	12,5	85,5
5	5	7,5	5	2,5	5	2,5	12,5	11,5	2,5	15	84
5	5	3,5	7,5	3,5	5	0	12,5	10	7,5	12,5	82
0	5	7,5	7,5	4	5	5	12,5	12,5	0	11,5	80,5
0	5	7,5	3	5	5	5	12,5	9	7,5	11	80,5
5	5	7,5	7,5	4	5		12,5	15		8,5	80
5	4	5	7,5	3,5	5	2,5	12,5	5	7,5	12,5	80
5	5	7,5	5	4	5	3	12,5	11	0	12	80
0	5	7,5	7	5	3	3	12,5	11	0	15	79
5	5	7,5	7,5	5	5	5	12,5	8	7,5		78
5	5	7,5	7,5	5	5	2	12,5	8	7,5	3	78
5	4	7,5	3	5	5	4	12,5	4	7,5	10	77,5
5	5	7,5	5	2,5	5	1	5	8	7,5	15	76,5
5	5	7,5	7,5	3,5	5	2	12,5	8	4	6	76
5	5	5		3	5	12,5	12,5	10	2,5	5	75,5
5	5	7	3	3	5	0	12	7	7,5	11	75,5
5	4	4	7,5	5	5	2	11	8	7	7	75,5
5	5	7,5	7,5	2	5	4	12,5	6		11	75,5
5	5	7,5	2	5	5	2,5	11	8	5	9	75
5	4,5	7,5	7,5	5	5	2,5	11	6	7,5	3,5	75
5	5	5	7,5	3,5	5	4	0	10	7,5	11,5	74
3,5	5	7,5	4,5	2	5	2,5	12,5	8	1	12	73,5
5	5	5	3,5	3,5	5	0	10,5	10	2	13	72,5
0	5	7,5	7,5	0	4		12,5	11		15	72,5
3	5	7,5	3,5	2	5	2,5	10	12	1,5	10	72
3	5	7,5	1,5	3,5	5	2,5	12,5	8	1	12,5	72
5	1	7,5	5	5	5	2,5	12,5	8		10	71,5
5	5	6	7,5	5	5	12,5		0	3	12	71
5	5	7,5	7,5	5	5	5	12,5	8	0	0	70,5
	5	7,5	7,5	1	5		10	4	7,5	12,5	70
5	4	7,5	7,5	1	5	2,5	11	4	1,5	11	70
5	4	7	7	3	4	0	10	6	7	7	70
5	5	6,5	7,5	2	5	2,5	12,5	6		8	70
5	5	7,5	7,5	5	5	1,5	12,5	4	1,5	5	69,5
4	4	7,5	3	2,5	5	1	10	15		7,5	69,5
5	5	7,5	0	2	5	0	12,5	4	5	13	69
5	3	6,5	7,5	5	5	2	11	4		10	69
5	1	7,5	7,5	2	5	5	12	4		10	69
5	5	7,5	7,5	5	5	1	7,5	6	4	5	68,5
5	4	4	4	5	5	1	12,5	4	4	10	68,5
4	5	7		2	4	2	9	8	7,5	10	68,5
5	5	7,5	4	2	5	2,5	12,5	8	4,5	2	68
5	5	7,5	7,5		5		10	10	2,5	5	67,5
2	5	5	6	2,5	4	0	12,5	8	1	10	66
5	1	7,5	7,5	5	3	5	10	7	0	5	66
5	4	7,5	6	5	2,5	0	12,5	9	0	4	65,5
5	4	7,5	7,5	2	5	3	11	3	1,5	6	65,5
5	5	7,5	7,5	2,5	5	2,5	10			10	65
5	1	7	3	2	5	2	10	5	7,5	7,5	65
5	4	4	7		5	2	11,5	10	6		64,5
5	4	7,5	4	0	5	1,5	11,5	4	1,5	10	64
5	5	7,5	7,5	2			12	15	0		64
5	5	7,5	7,5	1,5	5	2	12,5	6	1,5	0	63,5
4	4	7,5	4,5	2	4,5	2,5	10	6	1	7,5	63,5
4,5	5	3,5	7,5	3,5	5		9	8	1,5	5	62,5
5	5	7,5	7,5	2,5	5	0	10	10	0	0	62,5
5	5		5	1,5	5	0	10	8	7,5	5	62
4	5	4,5	7,5	2	2	0	11	7,5	1	7,5	62
5	3	7,5	7,5	5	5	0	12	4	3		62
5	4	4,5	4	0	4	1	12,5	4	0	12,5	61,5
5	4	7,5	4,5	1,5	5	2	8	8	1,5	4	61
5	5	7,5	5	2,5	4	3	3,5	10	1,5	4	61
5	5	6,5	5	1,5	5	2,5	10	6	1,5	3	61
5	5	7,5	3,5	0	5	0	11	0	1,5	12,5	61
0	4	7	1	2	3	3	10	8	0	13	61
5	5	7,5	2	3	5		12	9		2	60,5
4,5	5	5,5	1	1	5	3	9	6	0	10	60
3,5	5	7,5	7,5	3,5	5	2,5	11,5	4	0	0	60
5	5	7,5	7,5	0	2,5	0	12,5	8	0	2	60
5	4	2,5	7,5	0	5	2	11,5	8	1,5	3	60
5	5	2,5	3,5	0	5	2	12,5	12,5	1,5	0	59,5
4	5	7,5	4,5	4	5	2,5	0	9	2	6	59,5
4	4	5	3,5	2,5	5	0	4,5	8		13	59,5
5	5	4,5	1	4,5	5	4	4	4	0	12,5	59,5
5	5	7,5	7,5		5		12,5		1,5	5	59
5	5	7,5	7,5	1,5	5	1	12,5	4			59
5	4,5	2,5	7,5	1,5	5	1,5	12,5	5,5	1,5	2	59
5	5	7,5	1	1	5		12,5	4		7,5	58,5
5	4	7,5	7,5	2	5	1	12,5	4	0	0	58,5
1	4	5	5	1,5	5	0	12,5	4	1,5	9	58,5
5	4	6,5	4	2	5	3	3	8		8	58,5
5	4	5	1	3	5		11,5	4		10	58,5
5	5	1	2	2,5	4	2	12,5	10	4	0	58
5	5	6	4	2	5	2,5	11	6	1,5	0	58
5	4	2	3	4,5	5	2,5	8	0	0	14	58
5	4	5	0	1,5	3,5	1,5	9	5	1	12,5	58
4	4,5	4	7,5	4	5	2	11	6	0	0	58
5	5	7,5	2	3	5	2,5	12,5	4	1	0	57,5
3	5	6	1	3,5	5	2,5	11	0	3	7,5	57,5
5	5	7,5	1,5	2	3	0	12,5	10	1	0	57,5
5	4	7,5	3,5	0	5	1,5	12,5	6,5	1	1	57,5
5	5	7,5	2,5	5	5	2,5	5	8	1,5		57
4	1,5	2	6,5	0	3,5	2,5	11	6	0	10	57
5	5	5	5	2,5	5	0	7,5	4		7,5	56,5
5	5	7,5	7,5	2,5	5	0	7,5	0	1,5	5	56,5
5	5	7,5	1		5	2	12,5	8			56
5	4	7,5	6	5	5	1	6	5	1	0	55,5
4	4	7,5	7,5	1	5	1	8,5	7	0	0	55,5
1	0	6	7,5	2	5	2	12	3	7		55,5
5	4	7,5	3	4	3	3	0	4	7	5	55,5
5	4,5	7,5	6,5	3,5	5	0	9	0	4	0	55
5	5	7,5	1	1,5	5	1,5	11	6	1,5	0	55
5	4	7,5	5	0	5	0	10	7	1,5	0	55
5	4	7,5	7,5	0	5	2,5	12,5	0	1	0	55
5	4	2	2		5	0	5	9	5	8	55
5	5	2	7,5	4	2		12,5	0	7		55
3,5	3	6	4	0	5	2	9,5	8	1	3	55
4	4	7,5	2,5	5	5	0	10	4	0	2,5	54,5
5	5	7,5	5	2,5	5	1,5	12,5	0	0	0	54
2	3	7		2	4		11	7		8	54
5	4	6	7	4	4		4	3		7	54
2	5	7,5	2,5	3,5	5	1	10	4	1	2,5	54
5	4	5,5	7,5	1	4,5	1	9	4	0	2	53,5
5	3,5	6	1,5	0	0	2	10	0	3	12,5	53,5
5	5	7,5	3,5	4	5	0	5	5	1,5	1,5	53
5	5	3	7,5	2,5	5	0	5	5	0	5	53
5	5	7,5	7,5		5	2,5	10				52,5
2,5	4	7,5	2	2	5	1,5	6	3	0	9	52,5
5	5	7,5	5,5	5	5	2	3,5	4	0	0	52,5
5	5	7,5	3	5	5	2	10	0			52,5
4	5	7,5	7,5	3	5	1	5	4			52
3,5	3,5	2	3,5	2	5	1,5	3	8	0	10	52
5	5	4,5	7,5	5	2,5	2,5	10	0	0	0	52
4	4,5	4	7,5	2	0	0	2	12	6	0	52
5	5	7,5	7,5	5	5		5		1,5		51,5
5	4	7,5	3,5	4	5	1	7,5	4	0	0	51,5
5	0	7,5	1	5	5	2	5	3		8	51,5
5	4,5	7	3,5	4	4	0	11,5	1	1	0	51,5
5	5	3	1	3,5	5	0	3	4	0	12	51,5
5	4	7,5	7,5	2	5	0	7,5	0	0	2,5	51
3	4	3	1	0	3,5	1	11,5	8	1	5	51
3	1	5	2	3	5		4	4	1	13	51
2	4	7	0	3	5	2	10	1	0	7	51
5	5	7,5	3,5	2	5	1	7,5	2,5	1,5	0	50,5
5	3,5	4,5	6	1	2,5	2	6	1	4	5	50,5
	5	7,5	7,5		5		7,5	8			50,5
0	4	4	1	2	5	2	11,5	4		7	50,5
5	5	7,5	1	3,5	5	1,5	2,5	4	1,5	3,5	50
5	4	7,5	4	5	3,5	0	7,5	3,5	0	0	50
3,5	5	5	7,5	1,5	5	1	10	0	1,5	0	50
5	4	4	7,5	3	5	1,5	9	0	1	0	50
0	5	6,5	2,5	5	3	2,5	0	8	7,5	0	50
5	4	6	4		5		12	4			50
0	4	7	3	0	4	1	10	0		11	50
3,5	4,5	5	7,5	0	0	1	10	8	0	0	49,5
5	5	7,5	7,5	4	5	0	4	0	1,5	0	49,5
5	5	7,5	3	5	1		5	0	7,5		49
5	4	7,5	2,5	2	5	1,5	5	6	0	0	48,5
5	4	7,5	5	2	5	1	5	4	0	0	48,5
5	4	7,5	5	3,5	5	0	5	3,5	0	0	48,5
5	5	7,5	4,5	0	4	0	12,5	0	0	0	48,5
0	4	7	5	5	5	0	6	4		2	48
4	5	7,5	7,5	1	5	7,5					47,5
5	5	7,5	1	4	4,5	1	3	3	3,5	0	47,5
4,5	5	7,5	1,5	0	5	0	12,5	0	1,5	0	47,5
0	5	7,5	7,5	2,5	5	0	2,5	2		5	47
5	3,5	4	2,5	2	5	0	8	6	1	0	47
4	5	7,5	1	2,5	5	1	5	3		2,5	46,5
5	5	7,5		2,5	2	0	6	7	1,5		46,5
5	4	7,5	1	3,5	5	2,5	3	4	1	0	46,5
5	4	7,5	7,5	0	5	1	1	2	0	3,5	46,5
3,5	4	7,5	0	0	5	0	12,5	4	0	0	46,5
5	4	5	3,5	3,5	5	0	9	0	0	1,5	46,5
5	4	7,5	6	5	4,5	2,5	1	0	1	0	46,5
5	5	5	7,5	0	5	0	8,5	0	0	0	46
4	5	7,5	3,5	2,5	5	1	5	2	0		45,5
5	5	7,5	6	2	5	0	5	0	0	0	45,5
2,5	0	7,5	5	4	5	0	1,5	5	1	4	45,5
5	4	7,5	7,5	1,5	4	0	6	0	0	0	45,5
2,5	5	5	3,5	3,5	2	4		2		7,5	45
1	4	2,5		1	5		1	6	2	12,5	45
2,5	4,5	3,5	2	1	0		3	10	1	7,5	45
2,5	1	7,5	4,5	1,5	5	0	9	4	0	0	45
4	4	7,5	1	1	1	1	11,5	4	0	0	45
4	4	7,5	7,5	0	5	2	0	4	1	0	45
5	5	6	3	1,5	5	2,5	7	0	0	0	45
5	4	4	3,5	1,5	3	2,5	4	2,5	1,5	3,5	45
3,5	5	7,5	3	2	5	1	1,5	5	1,5	0	45
4	0	2,5	6,5	0	2,5	0	3	4	0	12,5	45
5	3,5	7	5,5	0	5	1	3	1,5	0	3,5	45
2	4	7,5	4	2	5	2,5	4	4	0		45
5	5	2	0	3	5	0	3	4	3	5	45
5	3	7,5	2	2	4		11	0			44,5
5	5	5	7,5	2,5	5	0	2,5	1,5			44
2	2	6	1	2	2	0	2	4	2	11	44
5	4	7,5	1,5		5	0	9		1,5		43,5
5	4	7,5	7,5	2	4	0	2,5	1	0	0	43,5
5	4	7,5	5		5	5	1,5				43
5	4	7,5	2	1,5	5	1	3	0	0	3,5	42,5
5	5	7,5	2,5	2,5	5	1,5	2,5				41,5
5	4	7,5		5	5		2,5			2,5	41,5
5	4,5	4,5	0	0	5	1,5	5	6	0	0	41,5
5	3	5	0	2	4	0	6	1		5	41
4	5	7,5	1,5				12,5				40,5
3	5	5	1,5	2	5	0	9		0	0	40,5
2	5	7,5	2,5	3	5		0	4	1		40
1	4	5,5	1	3,5	5	1,5	0	7,5	0	1	40
5	4	7,5	0	0	5	0	4	2,5	0	2	40
5	5	7,5			5	1	1			5	39,5
2	4	7,5	1,5	1,5	5	0	6	0	1,5	0	39
4	4	1,5	7,5	2	4	1,5	3	0	1	0	38,5
5	4	0	1	1,5	5	2,5	4	4	1,5	0	38,5
5	4	7	0	2	3	7,5		0			38,5
5	4	1	5	3	5	1		4	0		38
5	0	5	0	0	5	2,5	3	2	0	5	37,5
5	2	7,5		2	5	2		4			37,5
4	4	7,5	3,5	1	1	0	0	2	1	3	37
3	5	5	2,5	1,5	3,5	2,5	4	0	0	0	37
5	4		5				12,5				36,5
5	4	7,5	2,5	0	3,5	0	3	1	0	0	36,5
4	2,5	4,5	2	1,5	5	2,5	1	3			36
3,5	3,5	7,5	2	2	5	2,5	0	0	0	0	36
4	5	5				2	2,5	7			35,5
5	4	6,5	5	1,5	1	0	2,5	0		0	35,5
0	4	6	2,5	0	3	0	10	0	0	0	35,5
4	5			4		1,5				10	34,5
5	0	7,5			5		3	4			34,5
5	4	2,5	5	1,5	0	0	6	0	0	0	34
3,5	4	7,5	0	1	5	0	3	0	0	0	34
2	3	2	2	0	5	2	6	1	1	0	34
4	5	7,5	0	0	5	2	0	0	0	0	33,5
4	1	6,5	1	0	1	0	6	0	0	4	33,5
	4	2	3	2	5	0	7,5	0		0	33,5
5	5	0	1	5	5	1	0		1		33
5	5	5		3	5	0					33
	4	2	4		2	2		9			33
2	4	7	0	1	5		2	0	0	2	33
5	4	7,5	1	2,5	2,5				0		32,5
0	4	1	7,5	5	5			0			32,5
5	4	0	2	2	5	0	3	0	1	0	32
5	0	2,5	1	2,5	5		0	2	1	2,5	31,5
5	5	2	1,5	1	3,5	1,5	1	0	1	0	31,5
5	4	7	0	0	5	0	0	0	0	0	31
2,5	5	7,5	0	0	1	0	0	4	0	0	30
1	4	7,5				7,5		0			30
1	3,5	7,5	0	0	2,5	0	4	0	0	0	28,5
	5	7,5		3	2						27,5
2	5	5		1	3						26
5	5			1	5						26
0	4	2	1,5	2	0	1,5	0	4	0	0	25
4	4	2	0	0	5	0	0	0	0	0	25
2	5	5	0	0	0	0	0	0	0	0	22
0	3,5	0	2,5	0	5	0	0	0	0	0	21
0	1	0	0	1,5	0	0	1	0	2,5	4	20
0	4	0	0	0	2	0	0	4	0	0	20
0	5	2	2	0	0	0	1	0	0	0	20